total    : 48.31838208GB
free     : 42.152034304GB
used     : 6.166347776GB
Using 5.608833024GB / 47.760867328GB
[[0.57375 0.      0.      0.      0.      0.      0.      0.      0.
  0.      0.     ]
 [0.      0.      0.      0.      0.      0.      0.      0.      0.
  0.      0.     ]
 [0.      0.      0.      0.      0.      0.      0.      0.      0.
  0.      0.     ]
 [0.      0.      0.      0.      0.      0.      0.      0.      0.
  0.      0.     ]
 [0.      0.      0.      0.      0.      0.      0.      0.      0.
  0.      0.     ]
 [0.      0.      0.      0.      0.      0.      0.      0.      0.
  0.      0.     ]
 [0.      0.      0.      0.      0.      0.      0.      0.      0.
  0.      0.     ]
 [0.      0.      0.      0.      0.      0.      0.      0.      0.
  0.      0.     ]
 [0.      0.      0.      0.      0.      0.      0.      0.      0.
  0.      0.     ]
 [0.      0.      0.      0.      0.      0.      0.      0.      0.
  0.      0.     ]]
[[0.57375 0.552   0.      0.      0.      0.      0.      0.      0.
  0.      0.     ]
 [0.      0.      0.      0.      0.      0.      0.      0.      0.
  0.      0.     ]
 [0.      0.      0.      0.      0.      0.      0.      0.      0.
  0.      0.     ]
 [0.      0.      0.      0.      0.      0.      0.      0.      0.
  0.      0.     ]
 [0.      0.      0.      0.      0.      0.      0.      0.      0.
  0.      0.     ]
 [0.      0.      0.      0.      0.      0.      0.      0.      0.
  0.      0.     ]
 [0.      0.      0.      0.      0.      0.      0.      0.      0.
  0.      0.     ]
 [0.      0.      0.      0.      0.      0.      0.      0.      0.
  0.      0.     ]
 [0.      0.      0.      0.      0.      0.      0.      0.      0.
  0.      0.     ]
 [0.      0.      0.      0.      0.      0.      0.      0.      0.
  0.      0.     ]]
[[0.57375  0.552    0.546125 0.       0.       0.       0.       0.
  0.       0.       0.      ]
 [0.       0.       0.       0.       0.       0.       0.       0.
  0.       0.       0.      ]
 [0.       0.       0.       0.       0.       0.       0.       0.
  0.       0.       0.      ]
 [0.       0.       0.       0.       0.       0.       0.       0.
  0.       0.       0.      ]
 [0.       0.       0.       0.       0.       0.       0.       0.
  0.       0.       0.      ]
 [0.       0.       0.       0.       0.       0.       0.       0.
  0.       0.       0.      ]
 [0.       0.       0.       0.       0.       0.       0.       0.
  0.       0.       0.      ]
 [0.       0.       0.       0.       0.       0.       0.       0.
  0.       0.       0.      ]
 [0.       0.       0.       0.       0.       0.       0.       0.
  0.       0.       0.      ]
 [0.       0.       0.       0.       0.       0.       0.       0.
  0.       0.       0.      ]]
[[0.57375  0.552    0.546125 0.551125 0.       0.       0.       0.
  0.       0.       0.      ]
 [0.       0.       0.       0.       0.       0.       0.       0.
  0.       0.       0.      ]
 [0.       0.       0.       0.       0.       0.       0.       0.
  0.       0.       0.      ]
 [0.       0.       0.       0.       0.       0.       0.       0.
  0.       0.       0.      ]
 [0.       0.       0.       0.       0.       0.       0.       0.
  0.       0.       0.      ]
 [0.       0.       0.       0.       0.       0.       0.       0.
  0.       0.       0.      ]
 [0.       0.       0.       0.       0.       0.       0.       0.
  0.       0.       0.      ]
 [0.       0.       0.       0.       0.       0.       0.       0.
  0.       0.       0.      ]
 [0.       0.       0.       0.       0.       0.       0.       0.
  0.       0.       0.      ]
 [0.       0.       0.       0.       0.       0.       0.       0.
  0.       0.       0.      ]]
[[0.57375  0.552    0.546125 0.551125 0.55775  0.       0.       0.
  0.       0.       0.      ]
 [0.       0.       0.       0.       0.       0.       0.       0.
  0.       0.       0.      ]
 [0.       0.       0.       0.       0.       0.       0.       0.
  0.       0.       0.      ]
 [0.       0.       0.       0.       0.       0.       0.       0.
  0.       0.       0.      ]
 [0.       0.       0.       0.       0.       0.       0.       0.
  0.       0.       0.      ]
 [0.       0.       0.       0.       0.       0.       0.       0.
  0.       0.       0.      ]
 [0.       0.       0.       0.       0.       0.       0.       0.
  0.       0.       0.      ]
 [0.       0.       0.       0.       0.       0.       0.       0.
  0.       0.       0.      ]
 [0.       0.       0.       0.       0.       0.       0.       0.
  0.       0.       0.      ]
 [0.       0.       0.       0.       0.       0.       0.       0.
  0.       0.       0.      ]]
[[0.57375  0.552    0.546125 0.551125 0.55775  0.567875 0.       0.
  0.       0.       0.      ]
 [0.       0.       0.       0.       0.       0.       0.       0.
  0.       0.       0.      ]
 [0.       0.       0.       0.       0.       0.       0.       0.
  0.       0.       0.      ]
 [0.       0.       0.       0.       0.       0.       0.       0.
  0.       0.       0.      ]
 [0.       0.       0.       0.       0.       0.       0.       0.
  0.       0.       0.      ]
 [0.       0.       0.       0.       0.       0.       0.       0.
  0.       0.       0.      ]
 [0.       0.       0.       0.       0.       0.       0.       0.
  0.       0.       0.      ]
 [0.       0.       0.       0.       0.       0.       0.       0.
  0.       0.       0.      ]
 [0.       0.       0.       0.       0.       0.       0.       0.
  0.       0.       0.      ]
 [0.       0.       0.       0.       0.       0.       0.       0.
  0.       0.       0.      ]]
[[0.57375  0.552    0.546125 0.551125 0.55775  0.567875 0.57575  0.
  0.       0.       0.      ]
 [0.       0.       0.       0.       0.       0.       0.       0.
  0.       0.       0.      ]
 [0.       0.       0.       0.       0.       0.       0.       0.
  0.       0.       0.      ]
 [0.       0.       0.       0.       0.       0.       0.       0.
  0.       0.       0.      ]
 [0.       0.       0.       0.       0.       0.       0.       0.
  0.       0.       0.      ]
 [0.       0.       0.       0.       0.       0.       0.       0.
  0.       0.       0.      ]
 [0.       0.       0.       0.       0.       0.       0.       0.
  0.       0.       0.      ]
 [0.       0.       0.       0.       0.       0.       0.       0.
  0.       0.       0.      ]
 [0.       0.       0.       0.       0.       0.       0.       0.
  0.       0.       0.      ]
 [0.       0.       0.       0.       0.       0.       0.       0.
  0.       0.       0.      ]]
[[0.57375  0.552    0.546125 0.551125 0.55775  0.567875 0.57575  0.563625
  0.       0.       0.      ]
 [0.       0.       0.       0.       0.       0.       0.       0.
  0.       0.       0.      ]
 [0.       0.       0.       0.       0.       0.       0.       0.
  0.       0.       0.      ]
 [0.       0.       0.       0.       0.       0.       0.       0.
  0.       0.       0.      ]
 [0.       0.       0.       0.       0.       0.       0.       0.
  0.       0.       0.      ]
 [0.       0.       0.       0.       0.       0.       0.       0.
  0.       0.       0.      ]
 [0.       0.       0.       0.       0.       0.       0.       0.
  0.       0.       0.      ]
 [0.       0.       0.       0.       0.       0.       0.       0.
  0.       0.       0.      ]
 [0.       0.       0.       0.       0.       0.       0.       0.
  0.       0.       0.      ]
 [0.       0.       0.       0.       0.       0.       0.       0.
  0.       0.       0.      ]]
[[0.57375  0.552    0.546125 0.551125 0.55775  0.567875 0.57575  0.563625
  0.5625   0.       0.      ]
 [0.       0.       0.       0.       0.       0.       0.       0.
  0.       0.       0.      ]
 [0.       0.       0.       0.       0.       0.       0.       0.
  0.       0.       0.      ]
 [0.       0.       0.       0.       0.       0.       0.       0.
  0.       0.       0.      ]
 [0.       0.       0.       0.       0.       0.       0.       0.
  0.       0.       0.      ]
 [0.       0.       0.       0.       0.       0.       0.       0.
  0.       0.       0.      ]
 [0.       0.       0.       0.       0.       0.       0.       0.
  0.       0.       0.      ]
 [0.       0.       0.       0.       0.       0.       0.       0.
  0.       0.       0.      ]
 [0.       0.       0.       0.       0.       0.       0.       0.
  0.       0.       0.      ]
 [0.       0.       0.       0.       0.       0.       0.       0.
  0.       0.       0.      ]]
[[0.57375  0.552    0.546125 0.551125 0.55775  0.567875 0.57575  0.563625
  0.5625   0.566375 0.      ]
 [0.       0.       0.       0.       0.       0.       0.       0.
  0.       0.       0.      ]
 [0.       0.       0.       0.       0.       0.       0.       0.
  0.       0.       0.      ]
 [0.       0.       0.       0.       0.       0.       0.       0.
  0.       0.       0.      ]
 [0.       0.       0.       0.       0.       0.       0.       0.
  0.       0.       0.      ]
 [0.       0.       0.       0.       0.       0.       0.       0.
  0.       0.       0.      ]
 [0.       0.       0.       0.       0.       0.       0.       0.
  0.       0.       0.      ]
 [0.       0.       0.       0.       0.       0.       0.       0.
  0.       0.       0.      ]
 [0.       0.       0.       0.       0.       0.       0.       0.
  0.       0.       0.      ]
 [0.       0.       0.       0.       0.       0.       0.       0.
  0.       0.       0.      ]]
[[0.57375  0.552    0.546125 0.551125 0.55775  0.567875 0.57575  0.563625
  0.5625   0.566375 0.56075 ]
 [0.       0.       0.       0.       0.       0.       0.       0.
  0.       0.       0.      ]
 [0.       0.       0.       0.       0.       0.       0.       0.
  0.       0.       0.      ]
 [0.       0.       0.       0.       0.       0.       0.       0.
  0.       0.       0.      ]
 [0.       0.       0.       0.       0.       0.       0.       0.
  0.       0.       0.      ]
 [0.       0.       0.       0.       0.       0.       0.       0.
  0.       0.       0.      ]
 [0.       0.       0.       0.       0.       0.       0.       0.
  0.       0.       0.      ]
 [0.       0.       0.       0.       0.       0.       0.       0.
  0.       0.       0.      ]
 [0.       0.       0.       0.       0.       0.       0.       0.
  0.       0.       0.      ]
 [0.       0.       0.       0.       0.       0.       0.       0.
  0.       0.       0.      ]]
[[0.57375  0.552    0.546125 0.551125 0.55775  0.567875 0.57575  0.563625
  0.5625   0.566375 0.56075 ]
 [0.800625 0.       0.       0.       0.       0.       0.       0.
  0.       0.       0.      ]
 [0.       0.       0.       0.       0.       0.       0.       0.
  0.       0.       0.      ]
 [0.       0.       0.       0.       0.       0.       0.       0.
  0.       0.       0.      ]
 [0.       0.       0.       0.       0.       0.       0.       0.
  0.       0.       0.      ]
 [0.       0.       0.       0.       0.       0.       0.       0.
  0.       0.       0.      ]
 [0.       0.       0.       0.       0.       0.       0.       0.
  0.       0.       0.      ]
 [0.       0.       0.       0.       0.       0.       0.       0.
  0.       0.       0.      ]
 [0.       0.       0.       0.       0.       0.       0.       0.
  0.       0.       0.      ]
 [0.       0.       0.       0.       0.       0.       0.       0.
  0.       0.       0.      ]]
[[0.57375  0.552    0.546125 0.551125 0.55775  0.567875 0.57575  0.563625
  0.5625   0.566375 0.56075 ]
 [0.800625 0.791875 0.       0.       0.       0.       0.       0.
  0.       0.       0.      ]
 [0.       0.       0.       0.       0.       0.       0.       0.
  0.       0.       0.      ]
 [0.       0.       0.       0.       0.       0.       0.       0.
  0.       0.       0.      ]
 [0.       0.       0.       0.       0.       0.       0.       0.
  0.       0.       0.      ]
 [0.       0.       0.       0.       0.       0.       0.       0.
  0.       0.       0.      ]
 [0.       0.       0.       0.       0.       0.       0.       0.
  0.       0.       0.      ]
 [0.       0.       0.       0.       0.       0.       0.       0.
  0.       0.       0.      ]
 [0.       0.       0.       0.       0.       0.       0.       0.
  0.       0.       0.      ]
 [0.       0.       0.       0.       0.       0.       0.       0.
  0.       0.       0.      ]]
[[0.57375  0.552    0.546125 0.551125 0.55775  0.567875 0.57575  0.563625
  0.5625   0.566375 0.56075 ]
 [0.800625 0.791875 0.7365   0.       0.       0.       0.       0.
  0.       0.       0.      ]
 [0.       0.       0.       0.       0.       0.       0.       0.
  0.       0.       0.      ]
 [0.       0.       0.       0.       0.       0.       0.       0.
  0.       0.       0.      ]
 [0.       0.       0.       0.       0.       0.       0.       0.
  0.       0.       0.      ]
 [0.       0.       0.       0.       0.       0.       0.       0.
  0.       0.       0.      ]
 [0.       0.       0.       0.       0.       0.       0.       0.
  0.       0.       0.      ]
 [0.       0.       0.       0.       0.       0.       0.       0.
  0.       0.       0.      ]
 [0.       0.       0.       0.       0.       0.       0.       0.
  0.       0.       0.      ]
 [0.       0.       0.       0.       0.       0.       0.       0.
  0.       0.       0.      ]]
[[0.57375  0.552    0.546125 0.551125 0.55775  0.567875 0.57575  0.563625
  0.5625   0.566375 0.56075 ]
 [0.800625 0.791875 0.7365   0.687875 0.       0.       0.       0.
  0.       0.       0.      ]
 [0.       0.       0.       0.       0.       0.       0.       0.
  0.       0.       0.      ]
 [0.       0.       0.       0.       0.       0.       0.       0.
  0.       0.       0.      ]
 [0.       0.       0.       0.       0.       0.       0.       0.
  0.       0.       0.      ]
 [0.       0.       0.       0.       0.       0.       0.       0.
  0.       0.       0.      ]
 [0.       0.       0.       0.       0.       0.       0.       0.
  0.       0.       0.      ]
 [0.       0.       0.       0.       0.       0.       0.       0.
  0.       0.       0.      ]
 [0.       0.       0.       0.       0.       0.       0.       0.
  0.       0.       0.      ]
 [0.       0.       0.       0.       0.       0.       0.       0.
  0.       0.       0.      ]]
[[0.57375  0.552    0.546125 0.551125 0.55775  0.567875 0.57575  0.563625
  0.5625   0.566375 0.56075 ]
 [0.800625 0.791875 0.7365   0.687875 0.68175  0.       0.       0.
  0.       0.       0.      ]
 [0.       0.       0.       0.       0.       0.       0.       0.
  0.       0.       0.      ]
 [0.       0.       0.       0.       0.       0.       0.       0.
  0.       0.       0.      ]
 [0.       0.       0.       0.       0.       0.       0.       0.
  0.       0.       0.      ]
 [0.       0.       0.       0.       0.       0.       0.       0.
  0.       0.       0.      ]
 [0.       0.       0.       0.       0.       0.       0.       0.
  0.       0.       0.      ]
 [0.       0.       0.       0.       0.       0.       0.       0.
  0.       0.       0.      ]
 [0.       0.       0.       0.       0.       0.       0.       0.
  0.       0.       0.      ]
 [0.       0.       0.       0.       0.       0.       0.       0.
  0.       0.       0.      ]]
[[0.57375  0.552    0.546125 0.551125 0.55775  0.567875 0.57575  0.563625
  0.5625   0.566375 0.56075 ]
 [0.800625 0.791875 0.7365   0.687875 0.68175  0.68625  0.       0.
  0.       0.       0.      ]
 [0.       0.       0.       0.       0.       0.       0.       0.
  0.       0.       0.      ]
 [0.       0.       0.       0.       0.       0.       0.       0.
  0.       0.       0.      ]
 [0.       0.       0.       0.       0.       0.       0.       0.
  0.       0.       0.      ]
 [0.       0.       0.       0.       0.       0.       0.       0.
  0.       0.       0.      ]
 [0.       0.       0.       0.       0.       0.       0.       0.
  0.       0.       0.      ]
 [0.       0.       0.       0.       0.       0.       0.       0.
  0.       0.       0.      ]
 [0.       0.       0.       0.       0.       0.       0.       0.
  0.       0.       0.      ]
 [0.       0.       0.       0.       0.       0.       0.       0.
  0.       0.       0.      ]]
[[0.57375  0.552    0.546125 0.551125 0.55775  0.567875 0.57575  0.563625
  0.5625   0.566375 0.56075 ]
 [0.800625 0.791875 0.7365   0.687875 0.68175  0.68625  0.677875 0.
  0.       0.       0.      ]
 [0.       0.       0.       0.       0.       0.       0.       0.
  0.       0.       0.      ]
 [0.       0.       0.       0.       0.       0.       0.       0.
  0.       0.       0.      ]
 [0.       0.       0.       0.       0.       0.       0.       0.
  0.       0.       0.      ]
 [0.       0.       0.       0.       0.       0.       0.       0.
  0.       0.       0.      ]
 [0.       0.       0.       0.       0.       0.       0.       0.
  0.       0.       0.      ]
 [0.       0.       0.       0.       0.       0.       0.       0.
  0.       0.       0.      ]
 [0.       0.       0.       0.       0.       0.       0.       0.
  0.       0.       0.      ]
 [0.       0.       0.       0.       0.       0.       0.       0.
  0.       0.       0.      ]]
[[0.57375  0.552    0.546125 0.551125 0.55775  0.567875 0.57575  0.563625
  0.5625   0.566375 0.56075 ]
 [0.800625 0.791875 0.7365   0.687875 0.68175  0.68625  0.677875 0.667
  0.       0.       0.      ]
 [0.       0.       0.       0.       0.       0.       0.       0.
  0.       0.       0.      ]
 [0.       0.       0.       0.       0.       0.       0.       0.
  0.       0.       0.      ]
 [0.       0.       0.       0.       0.       0.       0.       0.
  0.       0.       0.      ]
 [0.       0.       0.       0.       0.       0.       0.       0.
  0.       0.       0.      ]
 [0.       0.       0.       0.       0.       0.       0.       0.
  0.       0.       0.      ]
 [0.       0.       0.       0.       0.       0.       0.       0.
  0.       0.       0.      ]
 [0.       0.       0.       0.       0.       0.       0.       0.
  0.       0.       0.      ]
 [0.       0.       0.       0.       0.       0.       0.       0.
  0.       0.       0.      ]]
[[0.57375  0.552    0.546125 0.551125 0.55775  0.567875 0.57575  0.563625
  0.5625   0.566375 0.56075 ]
 [0.800625 0.791875 0.7365   0.687875 0.68175  0.68625  0.677875 0.667
  0.671875 0.       0.      ]
 [0.       0.       0.       0.       0.       0.       0.       0.
  0.       0.       0.      ]
 [0.       0.       0.       0.       0.       0.       0.       0.
  0.       0.       0.      ]
 [0.       0.       0.       0.       0.       0.       0.       0.
  0.       0.       0.      ]
 [0.       0.       0.       0.       0.       0.       0.       0.
  0.       0.       0.      ]
 [0.       0.       0.       0.       0.       0.       0.       0.
  0.       0.       0.      ]
 [0.       0.       0.       0.       0.       0.       0.       0.
  0.       0.       0.      ]
 [0.       0.       0.       0.       0.       0.       0.       0.
  0.       0.       0.      ]
 [0.       0.       0.       0.       0.       0.       0.       0.
  0.       0.       0.      ]]
[[0.57375  0.552    0.546125 0.551125 0.55775  0.567875 0.57575  0.563625
  0.5625   0.566375 0.56075 ]
 [0.800625 0.791875 0.7365   0.687875 0.68175  0.68625  0.677875 0.667
  0.671875 0.658125 0.      ]
 [0.       0.       0.       0.       0.       0.       0.       0.
  0.       0.       0.      ]
 [0.       0.       0.       0.       0.       0.       0.       0.
  0.       0.       0.      ]
 [0.       0.       0.       0.       0.       0.       0.       0.
  0.       0.       0.      ]
 [0.       0.       0.       0.       0.       0.       0.       0.
  0.       0.       0.      ]
 [0.       0.       0.       0.       0.       0.       0.       0.
  0.       0.       0.      ]
 [0.       0.       0.       0.       0.       0.       0.       0.
  0.       0.       0.      ]
 [0.       0.       0.       0.       0.       0.       0.       0.
  0.       0.       0.      ]
 [0.       0.       0.       0.       0.       0.       0.       0.
  0.       0.       0.      ]]
[[0.57375  0.552    0.546125 0.551125 0.55775  0.567875 0.57575  0.563625
  0.5625   0.566375 0.56075 ]
 [0.800625 0.791875 0.7365   0.687875 0.68175  0.68625  0.677875 0.667
  0.671875 0.658125 0.6495  ]
 [0.       0.       0.       0.       0.       0.       0.       0.
  0.       0.       0.      ]
 [0.       0.       0.       0.       0.       0.       0.       0.
  0.       0.       0.      ]
 [0.       0.       0.       0.       0.       0.       0.       0.
  0.       0.       0.      ]
 [0.       0.       0.       0.       0.       0.       0.       0.
  0.       0.       0.      ]
 [0.       0.       0.       0.       0.       0.       0.       0.
  0.       0.       0.      ]
 [0.       0.       0.       0.       0.       0.       0.       0.
  0.       0.       0.      ]
 [0.       0.       0.       0.       0.       0.       0.       0.
  0.       0.       0.      ]
 [0.       0.       0.       0.       0.       0.       0.       0.
  0.       0.       0.      ]]
[[0.57375  0.552    0.546125 0.551125 0.55775  0.567875 0.57575  0.563625
  0.5625   0.566375 0.56075 ]
 [0.800625 0.791875 0.7365   0.687875 0.68175  0.68625  0.677875 0.667
  0.671875 0.658125 0.6495  ]
 [0.787    0.       0.       0.       0.       0.       0.       0.
  0.       0.       0.      ]
 [0.       0.       0.       0.       0.       0.       0.       0.
  0.       0.       0.      ]
 [0.       0.       0.       0.       0.       0.       0.       0.
  0.       0.       0.      ]
 [0.       0.       0.       0.       0.       0.       0.       0.
  0.       0.       0.      ]
 [0.       0.       0.       0.       0.       0.       0.       0.
  0.       0.       0.      ]
 [0.       0.       0.       0.       0.       0.       0.       0.
  0.       0.       0.      ]
 [0.       0.       0.       0.       0.       0.       0.       0.
  0.       0.       0.      ]
 [0.       0.       0.       0.       0.       0.       0.       0.
  0.       0.       0.      ]]
[[0.57375  0.552    0.546125 0.551125 0.55775  0.567875 0.57575  0.563625
  0.5625   0.566375 0.56075 ]
 [0.800625 0.791875 0.7365   0.687875 0.68175  0.68625  0.677875 0.667
  0.671875 0.658125 0.6495  ]
 [0.787    0.75975  0.       0.       0.       0.       0.       0.
  0.       0.       0.      ]
 [0.       0.       0.       0.       0.       0.       0.       0.
  0.       0.       0.      ]
 [0.       0.       0.       0.       0.       0.       0.       0.
  0.       0.       0.      ]
 [0.       0.       0.       0.       0.       0.       0.       0.
  0.       0.       0.      ]
 [0.       0.       0.       0.       0.       0.       0.       0.
  0.       0.       0.      ]
 [0.       0.       0.       0.       0.       0.       0.       0.
  0.       0.       0.      ]
 [0.       0.       0.       0.       0.       0.       0.       0.
  0.       0.       0.      ]
 [0.       0.       0.       0.       0.       0.       0.       0.
  0.       0.       0.      ]]
[[0.57375  0.552    0.546125 0.551125 0.55775  0.567875 0.57575  0.563625
  0.5625   0.566375 0.56075 ]
 [0.800625 0.791875 0.7365   0.687875 0.68175  0.68625  0.677875 0.667
  0.671875 0.658125 0.6495  ]
 [0.787    0.75975  0.73825  0.       0.       0.       0.       0.
  0.       0.       0.      ]
 [0.       0.       0.       0.       0.       0.       0.       0.
  0.       0.       0.      ]
 [0.       0.       0.       0.       0.       0.       0.       0.
  0.       0.       0.      ]
 [0.       0.       0.       0.       0.       0.       0.       0.
  0.       0.       0.      ]
 [0.       0.       0.       0.       0.       0.       0.       0.
  0.       0.       0.      ]
 [0.       0.       0.       0.       0.       0.       0.       0.
  0.       0.       0.      ]
 [0.       0.       0.       0.       0.       0.       0.       0.
  0.       0.       0.      ]
 [0.       0.       0.       0.       0.       0.       0.       0.
  0.       0.       0.      ]]
[[0.57375  0.552    0.546125 0.551125 0.55775  0.567875 0.57575  0.563625
  0.5625   0.566375 0.56075 ]
 [0.800625 0.791875 0.7365   0.687875 0.68175  0.68625  0.677875 0.667
  0.671875 0.658125 0.6495  ]
 [0.787    0.75975  0.73825  0.722875 0.       0.       0.       0.
  0.       0.       0.      ]
 [0.       0.       0.       0.       0.       0.       0.       0.
  0.       0.       0.      ]
 [0.       0.       0.       0.       0.       0.       0.       0.
  0.       0.       0.      ]
 [0.       0.       0.       0.       0.       0.       0.       0.
  0.       0.       0.      ]
 [0.       0.       0.       0.       0.       0.       0.       0.
  0.       0.       0.      ]
 [0.       0.       0.       0.       0.       0.       0.       0.
  0.       0.       0.      ]
 [0.       0.       0.       0.       0.       0.       0.       0.
  0.       0.       0.      ]
 [0.       0.       0.       0.       0.       0.       0.       0.
  0.       0.       0.      ]]
[[0.57375  0.552    0.546125 0.551125 0.55775  0.567875 0.57575  0.563625
  0.5625   0.566375 0.56075 ]
 [0.800625 0.791875 0.7365   0.687875 0.68175  0.68625  0.677875 0.667
  0.671875 0.658125 0.6495  ]
 [0.787    0.75975  0.73825  0.722875 0.733    0.       0.       0.
  0.       0.       0.      ]
 [0.       0.       0.       0.       0.       0.       0.       0.
  0.       0.       0.      ]
 [0.       0.       0.       0.       0.       0.       0.       0.
  0.       0.       0.      ]
 [0.       0.       0.       0.       0.       0.       0.       0.
  0.       0.       0.      ]
 [0.       0.       0.       0.       0.       0.       0.       0.
  0.       0.       0.      ]
 [0.       0.       0.       0.       0.       0.       0.       0.
  0.       0.       0.      ]
 [0.       0.       0.       0.       0.       0.       0.       0.
  0.       0.       0.      ]
 [0.       0.       0.       0.       0.       0.       0.       0.
  0.       0.       0.      ]]
[[0.57375  0.552    0.546125 0.551125 0.55775  0.567875 0.57575  0.563625
  0.5625   0.566375 0.56075 ]
 [0.800625 0.791875 0.7365   0.687875 0.68175  0.68625  0.677875 0.667
  0.671875 0.658125 0.6495  ]
 [0.787    0.75975  0.73825  0.722875 0.733    0.743375 0.       0.
  0.       0.       0.      ]
 [0.       0.       0.       0.       0.       0.       0.       0.
  0.       0.       0.      ]
 [0.       0.       0.       0.       0.       0.       0.       0.
  0.       0.       0.      ]
 [0.       0.       0.       0.       0.       0.       0.       0.
  0.       0.       0.      ]
 [0.       0.       0.       0.       0.       0.       0.       0.
  0.       0.       0.      ]
 [0.       0.       0.       0.       0.       0.       0.       0.
  0.       0.       0.      ]
 [0.       0.       0.       0.       0.       0.       0.       0.
  0.       0.       0.      ]
 [0.       0.       0.       0.       0.       0.       0.       0.
  0.       0.       0.      ]]
[[0.57375  0.552    0.546125 0.551125 0.55775  0.567875 0.57575  0.563625
  0.5625   0.566375 0.56075 ]
 [0.800625 0.791875 0.7365   0.687875 0.68175  0.68625  0.677875 0.667
  0.671875 0.658125 0.6495  ]
 [0.787    0.75975  0.73825  0.722875 0.733    0.743375 0.748625 0.
  0.       0.       0.      ]
 [0.       0.       0.       0.       0.       0.       0.       0.
  0.       0.       0.      ]
 [0.       0.       0.       0.       0.       0.       0.       0.
  0.       0.       0.      ]
 [0.       0.       0.       0.       0.       0.       0.       0.
  0.       0.       0.      ]
 [0.       0.       0.       0.       0.       0.       0.       0.
  0.       0.       0.      ]
 [0.       0.       0.       0.       0.       0.       0.       0.
  0.       0.       0.      ]
 [0.       0.       0.       0.       0.       0.       0.       0.
  0.       0.       0.      ]
 [0.       0.       0.       0.       0.       0.       0.       0.
  0.       0.       0.      ]]
